"","1","Site_One"
"1","48","Orendorf C"
"2","49","Orendorf C"
"3","50","Orendorf C"
"4","51","Orendorf C"
"5","52","Orendorf C"
"6","53","Orendorf C"
"7","54","Orendorf C"
"8","55","Orendorf C"
"9","56","Orendorf C"
"10","57","Orendorf C"
"11","58","Orendorf C"
"12","59","Orendorf C"
"13","60","Orendorf C"
"14","61","Orendorf C"
"15","62","Orendorf C"
"16","63","Orendorf C"
"17","64","Orendorf C"
"18","65","Orendorf C"
"19","66","Orendorf C"
"20","67","Orendorf C"
"21","68","Orendorf C"
"22","69","Orendorf C"
"23","70","Orendorf C"
"24","71","Orendorf C"
"25","72","Orendorf C"
"26","73","Orendorf C"
"27","74","Orendorf C"
"28","75","Orendorf C"
"29","76","Orendorf C"
"30","77","Orendorf C"
"31","78","Orendorf C"
"32","79","Orendorf C"
"33","122","Crable"
"34","123","Crable"
"35","124","Crable"
"36","125","Crable"
"37","126","Crable"
"38","127","Crable"
"39","128","Crable"
"40","129","Crable"
"41","130","Crable"
"42","131","Crable"
"43","132","Crable"
"44","133","Crable"
"45","134","Crable"
"46","135","Crable"
"47","136","Crable"
"48","137","Crable"
"49","138","Crable"
"50","139","Crable"
"51","140","Crable"
"52","141","Crable"
"53","142","Crable"
"54","143","Crable"
"55","144","Crable"
"56","145","Crable"
"57","146","Crable"
"58","147","Crable"
"59","148","Crable"
"60","149","Crable"
"61","150","Crable"
"62","151","Crable"
"63","152","Crable"
"64","153","Crable"
"65","154","Crable"
"66","155","Crable"
"67","156","Crable"
"68","157","Crable"
"69","158","Crable"
"70","159","Crable"
"71","160","Crable"
"72","161","Crable"
"73","162","Crable"
"74","163","Crable"
"75","164","Crable"
"76","165","Crable"
"77","166","Crable"
"78","167","Crable"
"79","168","Crable"
"80","169","Crable"
"81","170","Crable"
"82","171","Crable"
"83","172","Crable"
"84","173","Crable"
"85","174","Crable"
"86","175","Crable"
"87","176","Crable"
"88","177","Crable"
"89","178","Crable"
"90","179","Crable"
"91","180","Crable"
"92","181","Crable"
"93","200","Walsh"
"94","201","Walsh"
"95","202","Walsh"
"96","203","Walsh"
"97","205","Walsh"
"98","206","Walsh"
"99","207","Walsh"
"100","208","Walsh"
"101","209","Walsh"
"102","210","Walsh"
"103","211","Walsh"
"104","212","Walsh"
"105","213","Walsh"
"106","214","Walsh"
"107","215","Walsh"
"108","216","Walsh"
"109","217","Walsh"
"110","218","Walsh"
"111","219","Walsh"
"112","220","Walsh"
"113","241","Larenz Gun Club"
"114","275","Emmons"
"115","276","Emmons"
"116","277","Emmons"
"117","278","Emmons"
"118","279","Emmons"
"119","280","Emmons"
"120","281","Emmons"
"121","282","Emmons"
"122","283","Emmons"
"123","284","Emmons"
"124","285","Emmons"
"125","286","Emmons"
"126","287","Emmons"
"127","288","Emmons"
"128","289","Emmons"
"129","290","Emmons"
"130","291","Emmons"
"131","292","Emmons"
"132","293","Emmons"
"133","294","Emmons"
"134","298","Baehr South"
"135","299","Baehr South"
"136","300","Baehr South"
"137","301","Baehr South"
"138","302","Baehr South"
"139","303","Baehr South"
"140","304","Baehr South"
"141","305","Baehr South"
"142","306","Baehr South"
"143","310","Baehr South"
"144","311","Baehr South"
"145","331","Myer-Dickson"
"146","332","Myer-Dickson"
"147","333","Myer-Dickson"
"148","334","Myer-Dickson"
"149","335","Myer-Dickson"
"150","336","Myer-Dickson"
"151","337","Myer-Dickson"
"152","338","Myer-Dickson"
"153","339","Myer-Dickson"
"154","340","Myer-Dickson"
"155","341","Myer-Dickson"
"156","342","Myer-Dickson"
"157","343","Myer-Dickson"
"158","344","Myer-Dickson"
"159","345","Myer-Dickson"
"160","346","Myer-Dickson"
"161","371","Crable"
"162","412","Star Bridge"
"163","413","Star Bridge"
"164","414","Star Bridge"
"165","415","Star Bridge"
"166","416","Star Bridge"
"167","417","Star Bridge"
"168","418","Star Bridge"
"169","419","Star Bridge"
"170","420","Star Bridge"
"171","421","Star Bridge"
"172","422","Star Bridge"
"173","423","Star Bridge"
"174","424","Star Bridge"
"175","425","Star Bridge"
"176","426","Star Bridge"
"177","427","Star Bridge"
"178","428","Star Bridge"
"179","429","Star Bridge"
"180","430","Star Bridge"
"181","431","Star Bridge"
"182","432","Star Bridge"
"183","433","Star Bridge"
"184","434","Star Bridge"
"185","435","Star Bridge"
"186","436","Star Bridge"
"187","437","Star Bridge"
"188","438","Star Bridge"
"189","439","Star Bridge"
"190","440","Star Bridge"
"191","441","Star Bridge"
"192","442","Star Bridge"
"193","443","Star Bridge"
"194","444","Star Bridge"
"195","445","Star Bridge"
"196","446","Star Bridge"
"197","447","Star Bridge"
"198","448","Star Bridge"
"199","449","Star Bridge"
"200","450","Star Bridge"
"201","451","Star Bridge"
"202","452","Star Bridge"
"203","453","Star Bridge"
"204","454","Star Bridge"
"205","455","Star Bridge"
"206","456","Star Bridge"
"207","457","Star Bridge"
"208","458","Star Bridge"
"209","459","Star Bridge"
"210","460","Star Bridge"
"211","461","Star Bridge"
"212","462","Star Bridge"
"213","463","Star Bridge"
"214","464","Star Bridge"
"215","465","Star Bridge"
"216","466","Star Bridge"
"217","467","Star Bridge"
"218","468","Star Bridge"
"219","469","Star Bridge"
"220","470","Star Bridge"
"221","471","Star Bridge"
"222","472","Star Bridge"
"223","473","Star Bridge"
"224","474","Star Bridge"
"225","475","Star Bridge"
"226","476","Star Bridge"
"227","477","Star Bridge"
"228","478","Star Bridge"
"229","479","Star Bridge"
"230","480","Star Bridge"
"231","481","Star Bridge"
"232","482","Star Bridge"
"233","483","Star Bridge"
"234","484","Star Bridge"
"235","485","Star Bridge"
"236","486","Star Bridge"
"237","529","Ten Mile Creek"
"238","530","Ten Mile Creek"
"239","531","Ten Mile Creek"
"240","532","Ten Mile Creek"
"241","615","Kingston Lake"
"242","616","Kingston Lake"
"243","617","Kingston Lake"
"244","618","Kingston Lake"
"245","619","Kingston Lake"
"246","620","Kingston Lake"
"247","621","Kingston Lake"
"248","622","Kingston Lake"
"249","623","Kingston Lake"
"250","624","Kingston Lake"
"251","625","Kingston Lake"
"252","626","Kingston Lake"
"253","627","Kingston Lake"
"254","628","Kingston Lake"
"255","629","Kingston Lake"
"256","630","Kingston Lake"
"257","631","Kingston Lake"
"258","632","Kingston Lake"
"259","633","Kingston Lake"
"260","634","Kingston Lake"
"261","635","Kingston Lake"
"262","636","Kingston Lake"
"263","637","Kingston Lake"
"264","638","Kingston Lake"
"265","639","Kingston Lake"
"266","640","Kingston Lake"
"267","641","Kingston Lake"
"268","642","Kingston Lake"
"269","643","Kingston Lake"
"270","644","Kingston Lake"
"271","645","Kingston Lake"
"272","646","Kingston Lake"
"273","647","Kingston Lake"
"274","648","Kingston Lake"
"275","649","Kingston Lake"
"276","650","Kingston Lake"
"277","651","Kingston Lake"
"278","652","Kingston Lake"
"279","653","Kingston Lake"
"280","654","Kingston Lake"
"281","655","Kingston Lake"
"282","656","Kingston Lake"
"283","657","Kingston Lake"
"284","658","Kingston Lake"
"285","659","Kingston Lake"
"286","673","Larenz Gun Club"
"287","674","Larenz Gun Club"
"288","675","Larenz Gun Club"
"289","676","Larenz Gun Club"
"290","677","Larenz Gun Club"
"291","678","Larenz Gun Club"
"292","679","Larenz Gun Club"
"293","680","Larenz Gun Club"
"294","681","Larenz Gun Club"
"295","682","Larenz Gun Club"
"296","683","Larenz Gun Club"
"297","684","Larenz Gun Club"
"298","685","Larenz Gun Club"
"299","686","Larenz Gun Club"
"300","687","Larenz Gun Club"
"301","688","Larenz Gun Club"
"302","689","Larenz Gun Club"
"303","696","Larenz Gun Club"
"304","697","Larenz Gun Club"
"305","698","Larenz Gun Club"
"306","699","Larenz Gun Club"
"307","700","Larenz Gun Club"
"308","701","Larenz Gun Club"
"309","702","Larenz Gun Club"
"310","703","Larenz Gun Club"
"311","704","Larenz Gun Club"
"312","705","Larenz Gun Club"
"313","706","Larenz Gun Club"
"314","707","Larenz Gun Club"
"315","708","Larenz Gun Club"
"316","709","Larenz Gun Club"
"317","710","Larenz Gun Club"
"318","712","Ten Mile Creek"
"319","713","Ten Mile Creek"
"320","714","Ten Mile Creek"
"321","715","Ten Mile Creek"
"322","716","Ten Mile Creek"
"323","717","Ten Mile Creek"
"324","718","Ten Mile Creek"
"325","719","Ten Mile Creek"
"326","720","Ten Mile Creek"
"327","721","Ten Mile Creek"
"328","722","Ten Mile Creek"
"329","730","Buckeye Bend"
"330","731","Buckeye Bend"
"331","732","Buckeye Bend"
"332","733","Buckeye Bend"
"333","734","Buckeye Bend"
"334","735","Buckeye Bend"
"335","736","Buckeye Bend"
"336","737","Buckeye Bend"
"337","738","Buckeye Bend"
"338","739","Buckeye Bend"
"339","740","Buckeye Bend"
"340","741","Buckeye Bend"
"341","748","Fouts Village"
"342","751","Fouts Village"
"343","752","Fouts Village"
"344","756","Fouts Village"
"345","757","Fouts Village"
"346","758","Fouts Village"
"347","759","Fouts Village"
"348","760","Fouts Village"
"349","761","Fouts Village"
"350","762","Fouts Village"
"351","763","Fouts Village"
"352","764","Emmons"
"353","765","Emmons"
"354","766","Emmons"
"355","810","Larson"
"356","811","Larson"
"357","812","Larson"
"358","813","Larson"
"359","814","Larson"
"360","815","Larson"
"361","816","Larson"
"362","817","Larson"
"363","818","Larson"
"364","819","Larson"
"365","820","Larson"
"366","821","Larson"
"367","822","Larson"
"368","823","Larson"
"369","824","Larson"
"370","825","Larson"
"371","826","Larson"
"372","827","Larson"
"373","828","Larson"
"374","829","Larson"
"375","830","Larson"
"376","831","Larson"
"377","832","Larson"
"378","833","Larson"
"379","834","Larson"
"380","835","Larson"
"381","836","Larson"
"382","837","Larson"
"383","838","Larson"
"384","839","Larson"
"385","840","Larson"
"386","841","Larson"
"387","842","Larson"
"388","843","Larson"
"389","844","Larson"
"390","845","Larson"
"391","846","Larson"
"392","847","Larson"
"393","848","Larson"
"394","849","Larson"
"395","850","Larson"
"396","851","Larson"
"397","875","Ten Mile Creek"
"398","876","Morton Village"
"399","877","Morton Village"
"400","878","Morton Village"
"401","879","Morton Village"
"402","880","Morton Village"
"403","892","Morton Village"
"404","893","Morton Village"
"405","894","Myer-Dickson"
"406","895","Houston-Shryock"
"407","896","Houston-Shryock"
"408","897","Houston-Shryock"
"409","898","Houston-Shryock"
"410","899","Houston-Shryock"
"411","900","Houston-Shryock"
"412","901","Houston-Shryock"
"413","902","Houston-Shryock"
"414","903","Houston-Shryock"
"415","904","Houston-Shryock"
"416","905","Houston-Shryock"
"417","906","Houston-Shryock"
"418","907","Houston-Shryock"
"419","908","Houston-Shryock"
"420","909","Houston-Shryock"
"421","910","Houston-Shryock"
"422","911","Houston-Shryock"
"423","926","Houston-Shryock"
"424","927","Houston-Shryock"
"425","928","Houston-Shryock"
"426","929","Houston-Shryock"
"427","930","Houston-Shryock"
"428","931","Houston-Shryock"
"429","932","Houston-Shryock"
"430","933","Houston-Shryock"
"431","934","Houston-Shryock"
"432","935","Houston-Shryock"
"433","952","Star Bridge"
"434","953","Star Bridge"
"435","954","Star Bridge"
"436","955","Star Bridge"
"437","956","Star Bridge"
"438","957","Star Bridge"
"439","1022","Kingston Lake"
"440","1023","Kingston Lake"
"441","1024","Emmons"
"442","1067","Crable"
"443","1068","Crable"
"444","1069","Crable"
"445","1070","Crable"
"446","1071","Crable"
"447","1072","Crable"
"448","1073","Crable"
"449","1074","Crable"
"450","1075","Crable"
"451","1076","Crable"
"452","1077","Crable"
"453","1078","Crable"
"454","1079","Crable"
"455","1144","Larenz Gun Club"
"456","1145","Larenz Gun Club"
"457","1146","Larenz Gun Club"
"458","1147","Larenz Gun Club"
"459","1148","Larenz Gun Club"
"460","1149","Larenz Gun Club"
"461","1150","Larenz Gun Club"
"462","1151","Larenz Gun Club"
"463","1152","Larenz Gun Club"
"464","1167","Morton Village"
"465","1168","Morton Village"
"466","1169","Morton Village"
"467","1170","Morton Village"
"468","1171","Morton Village"
"469","1172","Morton Village"
"470","1173","Morton Village"
"471","1174","Morton Village"
"472","1175","Morton Village"
"473","1176","Morton Village"
"474","1177","Morton Village"
"475","1178","Morton Village"
"476","1179","Morton Village"
"477","1180","Morton Village"
"478","1181","Morton Village"
"479","1182","Morton Village"
"480","1183","Morton Village"
"481","1184","Morton Village"
"482","1185","Morton Village"
"483","1187","Morton Village"
"484","1188","Morton Village"
"485","1189","Morton Village"
"486","1190","Morton Village"
"487","1191","Morton Village"
"488","1192","Morton Village"
"489","1193","Morton Village"
"490","1194","Morton Village"
"491","1242","Orendorf D"
"492","1243","Orendorf D"
"493","1244","Orendorf D"
"494","1245","Orendorf D"
"495","1246","Orendorf D"
"496","1247","Orendorf D"
"497","1248","Orendorf D"
"498","1249","Orendorf D"
"499","1250","Orendorf D"
"500","1251","Orendorf D"
"501","1252","Orendorf D"
"502","1253","Orendorf D"
"503","1254","Orendorf D"
"504","1255","Orendorf D"
"505","1256","Orendorf D"
"506","1257","Orendorf D"
